1;1 1;2 4 5 6 7 8;2;1 2 3 4;1 2
2;1 2;2 3 10;2;1 2 3 4;2
3;1 3;2 3 7 10;2;1 2 4;2
4;1 4;4 5 9;2;1 3 4;2 3
5;1 5;2 3 10;2;1 3 4;2 3
6;2 1;9 10 11;1 2;1 2 3 4;1 2
7;2 2;3 10;1 2;1 2 4;2
8;2 3;3 10;1 2;2 4;2
9;2 4;9 11;2;1 3 4;2 3
10;2 5;8 9 10;1 2;3 4;2
11;3 1;1 3 5 7;1 6;1 2 3 4;1 2
12;3 2;1 3 5 7;1 6;1 2 3 4;2
13;3 3;2 3 7 10;1 6;1 2 4;2
14;3 4;5 9 10 11;1 6;1 3 4;2 3
15;3 5;3 5 9 10;1 6;1 3 4;2 3
16;4 1;4 5 6 7 8 9 10 11;1 3 4;1 2 3 4;1 2
17;4 2;1 2 3 9 10 11;1 3 4;1 2 4;2
18;4 3;1 2 3 9 10 11;1 3;1 2 4;2
19;4 4;4 5 6 7 8 9 10 11;1 4;1 3 4;2 3
20;4 5;1 2 3 9 10 11;1;1 3 4;2 3
21;5 1;4 5 6 7 8 9 10 11;1 3 4;1 2 3 4;1 2
22;5 2;1 2 3 9 10 11;1 3 4;1 2 4;2
23;5 3;1 2 3 9 10 11;1 3;1 2 4;2
24;5 4;4 5 6 7 8 9 10 11;1 4;1 3 4;2 3
25;5 5;1 2 3 9 10 11;1;1 3 4;2 3