1,1;7,0.23;4,0.15;24,0.01;12,0.01;44,0.17;32,0.10;14,0.25;15,0.10;46,0.02;18,0.00;2,0.20;50,0.01;3,0.20;30,0.32;22,0.21;23,0.29;42,0.01
1,2;9,0.73;25,0.15;39,0.59;6,0.80;11,0.52;10,0.55;13,0.50;32,0.97;45,0.02;23,0.53;21,0.35;29,0.89
1,3;20,0.63;27,0.77;24,0.79;42,0.55;28,0.38;26,0.59;3,0.86;12,0.63;36,0.62;34,0.39;35,0.51;10,0.92;14,0.49;30,0.78;33,0.41
1,4;48,0.38;20,0.64;19,0.75;22,0.80;12,0.62;2,0.70;48,0.25;47,0.15
1,5;9,0.11;17,0.53;45,0.05;37,0.35;47,0.06;42,0.38;32,0.94;41,0.81;2,0.73;1,0.36;14,0.44;40,0.07;45,0.97;5,0.14;39,0.52
2,1;11,0.14;40,0.92;31,0.64;6,0.47;19,0.57;12,0.29;32,0.30;37,0.78;40,0.51;16,0.15
2,2;31,0.15;50,0.03;11,0.15;42,0.10;7,0.39;36,0.76;10,0.86;12,0.23;34,0.23;14,0.55;1,0.40
2,3;13,0.18;46,0.82;27,0.02;47,0.79;6,0.03;11,0.39;48,0.71;50,0.14;35,0.11;43,0.46;14,0.78;8,0.95;1,0.71
2,4;37,0.29;2,0.05;38,0.11;21,0.31;18,0.22;40,0.67;11,0.34;28,0.35
2,5;14,0.00;8,0.59;23,0.73;15,0.80;14,0.66;46,0.14;42,0.54;34,0.88;24,0.37;34,0.53;50,0.83;16,0.53;31,0.79;32,0.75
3,1;2,0.07;33,0.43;33,0.33;49,0.77;12,1.00;33,0.71;24,0.48;29,0.83;2,0.80;34,0.45;50,0.27;13,0.46;49,0.89;10,0.78;4,0.67;16,0.84
3,2;8,0.12;50,0.49;18,0.24;7,0.40;17,0.47;24,0.52;20,0.00;2,0.04;5,0.62;32,0.40;18,0.44;12,0.44;11,0.88;7,0.70;23,0.92;12,0.56
3,3;34,0.54;42,0.49;9,0.19;21,0.29;31,0.70;17,0.88;15,0.99;20,0.86;50,0.94;19,0.03;33,0.74
3,4;19,0.43;5,0.93;47,0.86;40,0.81;2,0.73;20,0.76;39,0.51;13,0.11;11,0.94;34,0.50;29,0.69;32,0.14;11,0.72;6,0.87;7,0.90;11,0.91
3,5;25,0.04;14,0.10;23,0.25;32,0.19;12,0.87;36,0.47;16,0.61;40,0.77;32,0.41;33,0.63;33,0.36;11,0.20;13,0.92
4,1;1,0.70;8,0.65;21,0.26;40,0.69;28,0.58;22,0.14;16,0.20;29,0.97;21,0.45;21,0.66;39,0.20;1,0.21;18,0.86
4,2;27,0.15;23,0.14;10,0.01;27,0.96;41,0.57;25,0.05;46,0.64;50,0.13;49,0.61;39,0.59
4,3;29,0.90;40,0.81;31,0.15;17,0.10;39,0.21;25,0.79;19,0.09;33,0.40;15,0.24;5,0.00;15,0.77;8,0.74;35,0.03;9,0.35;11,0.43
4,4;1,0.05;42,0.93;42,0.95;43,0.72;12,0.36;38,0.12;49,0.52;47,0.71;38,0.34;45,0.75;48,0.92;36,0.97;30,0.33
4,5;25,0.35;38,0.31;6,0.74;14,0.70;33,0.89;22,0.40;42,0.71;42,0.86;40,0.64;50,0.73;36,0.37
5,1;33,0.40;35,0.38;14,0.83;35,0.46;35,0.95;9,0.88;25,0.33;32,0.44;31,0.18;45,0.99;40,0.47;15,0.10;9,0.20;16,0.69;39,0.86
5,2;47,0.94;25,0.10;49,0.07;2,0.07;41,0.34;1,0.17;32,0.98;20,0.09;21,0.26;26,0.19;37,0.08;35,0.86;32,0.33;43,0.41;48,0.28
5,3;37,0.41;5,0.59;41,0.21;23,0.68;10,0.01;13,0.58;7,0.83;4,0.88;38,0.72;49,0.31
5,4;33,0.67;34,0.40;37,0.09;3,0.65;15,0.08;45,0.50;17,0.88;10,0.00;36,0.72;31,0.41;10,0.39;18,0.63
5,5
